271 89
273 56
244 38
217 54
214 76

340 316
363 300
355 279
334 269
314 285

135 384
115 369
101 388

635 172
611 176
612 198
635 210
663 203
675 182
666 160
642 148
619 166

520 288
543 272
521 260
498 276

363 185
386 198
408 184
410 163
387 151
368 171

242 88
251 103
278 111
298 94
290 73
265 65
245 82

55 237
77 250
101 243
108 224
96 206
73 198
51 214
50 218

610 329
630 318
629 297
605 290
585 309

539 198
557 179
532 167
512 184

416 408
397 398
385 415

125 87
150 105
172 90
170 65
143 55
127 74

621 340
602 343
601 358
615 370
635 366
648 349
641 329
623 323
604 342

430 207
454 200
455 179
436 169
418 185

299 442
307 426
288 416
277 430

120 275
101 263
89 281

447 380
445 402
475 416
503 408
518 385
507 365
480 360
460 376

160 388
170 404
192 388
188 364
168 359
156 375

558 116
585 128
604 106
571 85
542 102

407 255
417 241
402 230
392 242

320 170
335 185
360 200
380 180
380 155
350 140
325 160

480 395
500 410
520 390
520 365
490 350
475 370

210 245
230 250
240 230
220 210
200 220

400 320
420 310
410 290
390 300

560 380
565 390
580 400
600 410
620 390
610 370
590 360
570 380

75 170
95 180
110 160
100 140
80 150

290 105
310 120
330 100
330 75
310 60
290 70

455 315
470 330
490 320
500 300
490 280
470 270
450 290

195 390
175 380
160 400

550 230
570 210
550 190
530 200

290 365
310 370
320 355
300 340
280 350

420 215
440 230
460 220
460 200
440 180
420 190

165 255
175 240
160 230
150 240

50 435
60 455
80 460
90 440
80 420
60 410
40 420

245 140
265 145
280 130
270 110
250 120

640 438
640 410
421 480
444 480